174.4577887633232 -41.32835746581456
175.2484612733666 -41.71821383421319
175.7203586605442 -41.59655405527842
176.3881272678412 -40.99570744215535
177.3125254553309 -39.70906951296008
177.1227592206533 -39.36050476049849
177.6499593717457 -39.18615593839195
177.7491169742507 -39.41360642431192
178.1402980183399 -39.39460852741193
178.1751243920242 -38.79896102612124
178.5194972111156 -38.48780228415862
178.5311262919567 -38.01147528670258
178.7482148556948 -37.64377020811747
178.336184280689 -37.464780541774
177.9415668911761 -37.43411077850141
177.2804830466158 -37.81861185132377
176.3734111005109 -37.37338758892179
176.0095805440319 -36.59630379725573
175.5581825833949 -35.98233846558811
174.8767766079129 -35.62159082753751
174.6741273823696 -35.31788695207109
172.860910143147 -34.14064384339007
172.4154365903678 -34.48958793888858
172.9530991605666 -35.03679735812326
172.9287483376732 -35.24237143738974
174.268526772835 -36.87437152891714
174.6529244355404 -37.93618040267565
174.5573784189734 -38.08792089197679
174.3921881285166 -38.80388321245712
173.7556418029255 -38.97763946220229
173.5455038969276 -39.3449902324675
173.8513655766445 -39.66324928486628
175.0191281588866 -40.12581810835132
175.0406049795202 -40.45251326222331
174.7653753056734 -40.92432979404668
174.4577887633232 -41.32835746581456
