166.6713578354109 -46.20576582746377
167.3396673047346 -46.24722948179373
167.4331972600874 -46.13767537976643
167.7561544047842 -46.26539097291142
167.6474033516433 -46.34531978425611
167.9104338592552 -46.39000528628144
167.5916847015023 -46.75168137018726
167.2862438361006 -47.25154459569779
167.5345048692619 -47.30536483330367
168.1841297816406 -47.08362734101323
169.7842854585941 -46.4573563730485
169.7890615419834 -46.36089150995809
170.1598445853575 -46.12890018015032
170.3196538158004 -45.92736989814542
170.7008870051446 -45.88583239169297
170.7437407580577 -45.77148127199718
170.5778174015946 -45.7286150347253
170.6932430656247 -45.62347635683627
170.8582480034939 -45.38369072156923
170.813543321963 -45.35164304640688
170.9167551257645 -45.15009939266189
171.0555483624032 -45.04436077765104
171.1533800638929 -44.91206244132159
171.1642845842968 -44.76013644471321
171.1521672522351 -44.61171169385546
171.2239680888069 -44.4417820375549
171.3337635257737 -44.26791431394397
171.7791474835339 -44.04667338207469
172.3062801807072 -43.86239739276464
172.7002724180354 -43.80043748808817
172.7505240633551 -43.85094498040349
172.9664458254371 -43.89760002586512
173.1125494874428 -43.80566748321674
173.0702213569408 -43.67741886271283
172.7349043754182 -43.56975930865073
172.6875274979898 -43.35648472215428
172.781389112887 -43.14835512451302
172.9258002713543 -43.09791492362034
173.2411544794566 -42.94042392373372
173.4046883064322 -42.70105260178941
173.6696430094717 -42.38433251078005
173.8852381850538 -42.13837882769899
174.2717508265564 -41.74308962583405
174.0344270781472 -41.4356806553721
174.4022634945399 -41.20629785507835
174.6975591505795 -41.36270416588004
174.9208227737846 -41.43479613206603
175.2089463535303 -41.5357759474123
175.2506072274047 -41.61591719454819
175.6996217753224 -41.42803765230057
176.0447090581689 -41.14656897947046
176.2764644132786 -40.78311826124801
176.6487917332757 -40.38390923287774
176.7516641498037 -40.26103578869736
177.0438212988281 -39.67510275845644
176.9107950737488 -39.49472750156049
176.9061731371519 -39.30402498170547
177.3698594997127 -39.05682491013998
177.9359479039237 -39.13905542220129
177.9381890161708 -38.79176719382475
178.2616932539524 -38.53445721492422
178.3716438450772 -37.94631803713278
178.5571105684379 -37.68844158847858
178.2395117288171 -37.55453585444353
178.0041921790814 -37.55417418405175
177.6974127017189 -37.72427563724775
177.5097746317014 -37.95511219315577
177.1940047384189 -38.00196663913007
176.6422879131295 -37.85544310181304
176.0693511815983 -37.56752022361515
175.9192260977091 -37.3434726693777
175.8271536532168 -36.59585997319975
175.4224738720013 -36.04036165599951
174.6175520310408 -35.83570723622673
174.4774165408277 -35.46324682260149
174.2520981419279 -35.24185708506033
173.7577593981803 -34.97355998437749
173.5326477847206 -34.94559123690776
173.4026916761866 -34.9640909269302
173.4501352355664 -34.80924371321755
173.1829177935458 -34.82372183763253
172.9918594560845 -34.55111919414622
173.0065735357203 -34.39977152187183
172.6363321864369 -34.46213995954835
173.2248492557748 -35.04460869125396
173.0734228899947 -35.20876269682152
173.729186101459 -35.93488054274949
174.4401422436589 -36.78836761133498
174.4854606545955 -37.02430921691063
174.848708616937 -37.78487707868291
174.5059174829439 -38.95370638368262
174.0894943712134 -39.01979525881107
173.756951192405 -39.22583628067729
173.7735292049352 -39.42246564348055
174.06396882107 -39.57787391008595
174.3293175597616 -39.63970676548973
174.5294153275484 -39.81251565249423
174.9642295682986 -39.8969236682062
175.2312593247358 -40.18926887776098
175.202355245853 -40.61137925760456
174.9155099007451 -41.00162592400383
174.62995229154 -41.25055613264871
173.987364982474 -40.6510017029951
173.2057074604614 -41.28333486214439
173.028215628864 -41.17950271022963
173.0132479263648 -40.52537107798511
172.6739553412613 -40.48497097450647
172.1204337279974 -40.873036368382
172.1234454091114 -41.24255490893871
172.018406095673 -41.4604486437962
171.6992309698555 -41.75259013923288
171.49292061696 -41.76394961802575
171.1235345096629 -42.61088958443609
170.0176753288122 -43.34855693513921
168.8294404002863 -43.98410700003984
168.3914189790482 -44.02729270284641
167.844636877842 -44.54019394726136
167.1127651836711 -45.02256585416259
166.5307059179369 -45.67375071197345
166.4392114106534 -45.91201954664811
166.6572157017165 -46.19118040104308
