167.9238003934332 -47.27280985656478
169.9957176402363 -46.55899403267163
170.944752730798 -45.86439052479405
171.715972898821 -44.29673280871103
172.6191434838538 -43.98691974698479
173.1831768067844 -44.00172274275196
173.2972422183542 -43.65172099954435
172.8009072410449 -43.37958801485352
173.5363891601602 -42.90051681111693
174.4983005132986 -41.66878802674576
174.2909867615762 -41.416146075942
174.6153899224076 -41.16278448175134
174.0228022486773 -40.54409818189462
172.5412825606045 -40.35830661228945
171.9232424881044 -40.82993235579686
171.8501172783732 -41.44384212925409
171.3206857129595 -41.64834125545055
170.9378721793206 -42.56304897507851
168.6456021850819 -43.80705970949939
168.2313638679094 -43.90329770447842
166.2525843767109 -45.51865725130552
166.3001074382789 -46.22220687093912
167.6306016327962 -46.51787147380593
167.4152332365564 -46.71553544593063
167.5146082728471 -46.90008206546097
167.1537858427093 -47.18846548468851
167.4362810505771 -47.42970226703816
167.9238003934332 -47.27280985656478
